[44]
[42, 41, 9, 3, 28, 2, 43]
[42, 7, 41, 15, 16, 4, 43]
[42, 10, 34, 0, 1, 2, 43]
[42, 10, 41, 0, 1, 2, 43]
[42, 10, 41, 0, 1, 2, 43]
[42, 5, 43]
[42, 41, 9, 3, 28, 2, 43]
[42, 13, 9, 3, 41, 3, 8, 2, 43]
[42, 7, 41, 11, 41, 4, 43]
[42, 41, 35, 41, 0, 1, 2, 43]
[42, 8, 6, 41, 36, 0, 1, 2, 43]
[42, 8, 6, 41, 36, 0, 1, 2, 43]
[42, 17, 6, 41, 0, 17, 26, 1, 2, 43]
[42, 11, 18, 6, 11, 18, 0, 1, 2, 43]
[42, 10, 28, 41, 0, 41, 32, 19, 41, 33, 1, 2, 43]
[42, 5, 43]
[42, 41, 9, 3, 28, 2, 43]
[42, 13, 9, 3, 41, 3, 41, 2, 43]
[42, 13, 9, 3, 41, 3, 41, 3, 41, 41, 2, 43]
[42, 13, 9, 3, 41, 3, 41, 23, 2, 43]
[42, 13, 9, 3, 41, 3, 41, 41, 29, 2, 43]
[42, 13, 9, 3, 41, 3, 8, 2, 43]
[42, 13, 9, 3, 41, 3, 41, 8, 23, 2, 43]
[42, 13, 9, 3, 41, 3, 41, 2, 43]
[42, 13, 9, 3, 41, 3, 37, 2, 43]
[42, 13, 41, 3, 41, 3, 41, 2, 43]
[42, 7, 41, 11, 41, 41, 4, 43]
[42, 7, 11, 0, 1, 41, 38, 23, 4, 43]
[42, 24, 0, 41, 41, 3, 35, 38, 0, 1, 1, 4, 43]
[42, 41, 30, 38, 23, 0, 1, 2, 43]
[42, 5, 43]
[42, 5, 43]
[42, 41, 41, 11, 41, 21, 2, 43]
[42, 41, 41, 41, 41, 41, 41, 41, 25, 41, 41, 2, 43]
[42, 41, 10, 41, 41, 0, 41, 41, 29, 41, 1, 43]
[42, 41, 41, 41, 41, 23, 19, 41, 23, 19, 38, 23, 4, 43]
[42, 24, 0, 41, 41, 3, 35, 38, 0, 1, 1, 4, 43]
[42, 41, 30, 38, 23, 0, 1, 2, 43]
[42, 5, 43]
[42, 41, 3, 41, 41, 41, 0, 1, 2, 43]
[42, 5, 43]
[42, 7, 41, 10, 41, 41, 0, 11, 41, 21, 1, 4, 43]
[42, 24, 0, 41, 3, 21, 31, 22, 1, 4, 43]
[42, 41, 41, 41, 25, 41, 3, 6, 41, 41, 0, 1, 2, 43]
[42, 24, 0, 41, 31, 22, 1, 4, 43]
[42, 41, 3, 41, 41, 0, 30, 41, 41, 0, 41, 1, 1, 2, 43]
[42, 5, 43]
[42, 5, 43]
[42, 41, 3, 21, 25, 0, 11, 41, 1, 21, 2, 43]
[42, 5, 43]
[42, 7, 41, 35, 41, 0, 1, 4, 43]
[42, 24, 0, 21, 31, 22, 1, 4, 43]
[42, 12, 21, 3, 35, 41, 0, 1, 2, 43]
[42, 5, 41, 4, 43]
[42, 12, 41, 2, 43]
[42, 5, 43]
[42, 5, 43]
[42, 7, 8, 6, 41, 36, 0, 1, 4, 43]
[42, 12, 21, 3, 6, 41, 36, 0, 1, 2, 43]
[42, 5, 43]
[42, 7, 8, 6, 41, 36, 0, 1, 4, 43]
[42, 12, 21, 3, 6, 41, 36, 0, 1, 2, 43]
[42, 5, 43]
[42, 7, 17, 6, 41, 0, 17, 26, 1, 4, 43]
[42, 12, 21, 3, 6, 41, 0, 26, 1, 2, 43]
[42, 5, 43]
[42, 7, 11, 18, 6, 11, 18, 0, 1, 4, 43]
[42, 12, 21, 3, 6, 11, 18, 0, 1, 2, 43]
[42, 5, 43]
[42, 7, 10, 41, 0, 41, 32, 19, 41, 33, 1, 4, 43]
[42, 41, 39, 25, 41, 0, 1, 2, 43]
[42, 24, 0, 0, 39, 3, 32, 31, 32, 1, 41, 0, 39, 3, 33, 31, 33, 1, 1, 4, 43]
[42, 41, 3, 41, 0, 32, 19, 33, 1, 2, 43]
[42, 24, 0, 21, 31, 22, 1, 4, 43]
[42, 21, 3, 28, 41, 0, 32, 19, 33, 1, 2, 43]
[42, 5, 43]
[42, 5, 43]
[42, 5, 43]
[42, 7, 10, 41, 0, 41, 39, 1, 4, 43]
[42, 41, 0, 39, 3, 32, 19, 39, 3, 33, 1, 2, 43]
[42, 5, 43]
[42, 41, 41, 43]
[42, 7, 41, 35, 41, 41, 0, 1, 4, 43]
[42, 12, 41, 2, 43]
[42, 5, 43]
[42, 7, 10, 41, 41, 0, 17, 41, 1, 4, 43]
[42, 6, 11, 18, 0, 1, 3, 41, 41, 0, 41, 1, 2, 43]
[42, 5, 43]
[42, 7, 27, 6, 27, 0, 8, 14, 1, 4, 43]
[42, 12, 6, 11, 18, 0, 1, 3, 6, 27, 0, 14, 1, 2, 43]
[42, 5, 43]
[42, 7, 27, 6, 27, 0, 8, 14, 19, 17, 26, 1, 4, 43]
[42, 41, 4, 43]
[42, 12, 6, 27, 0, 30, 8, 0, 14, 19, 26, 1, 1, 2, 43]
[42, 5, 41, 0, 41, 8, 23, 41, 1, 4, 43]
[42, 12, 22, 2, 43]
[42, 5, 43]
[42, 5, 43]
[42, 7, 41, 41, 15, 16, 30, 15, 16, 0, 8, 14, 1, 4, 43]
[42, 12, 30, 41, 3, 28, 3, 11, 15, 16, 0, 14, 1, 2, 43]
[42, 5, 43]
[42, 7, 15, 16, 6, 15, 16, 0, 8, 14, 1, 4, 43]
[42, 12, 6, 11, 18, 0, 1, 3, 6, 15, 16, 0, 14, 1, 2, 43]
[42, 5, 43]
[42, 7, 15, 16, 6, 15, 16, 0, 8, 14, 19, 17, 26, 1, 4, 43]
[42, 41, 4, 43]
[42, 12, 6, 15, 16, 0, 30, 8, 0, 14, 19, 26, 1, 1, 2, 43]
[42, 5, 41, 0, 41, 8, 23, 41, 1, 4, 43]
[42, 12, 22, 2, 43]
[42, 5, 43]
[42, 5, 43]
[42, 7, 17, 6, 11, 41, 0, 1, 4, 43]
[42, 12, 22, 2, 43]
[42, 5, 43]
[42, 7, 37, 6, 37, 0, 1, 4, 43]
[42, 37, 41, 25, 41, 3, 6, 37, 0, 1, 2, 43]
[42, 24, 0, 41, 41, 22, 1, 4, 43]
[42, 12, 37, 3, 6, 41, 0, 1, 2, 43]
[42, 5, 43]
[42, 12, 41, 2, 43]
[42, 5, 43]
[42, 7, 17, 41, 41, 41, 41, 6, 41, 41, 0, 1, 4, 43]
[42, 12, 22, 2, 43]
[42, 5, 43]
[42, 7, 10, 34, 0, 8, 14, 1, 4, 43]
[42, 15, 16, 40, 25, 6, 15, 16, 0, 14, 1, 2, 43]
[42, 24, 0, 40, 31, 22, 1, 4, 43]
[42, 40, 3, 34, 0, 1, 2, 43]
[42, 5, 43]
[42, 5, 43]
[42, 7, 10, 34, 0, 8, 14, 19, 17, 26, 1, 4, 43]
[42, 15, 16, 40, 25, 6, 15, 16, 0, 14, 19, 26, 1, 2, 43]
[42, 24, 0, 40, 31, 22, 1, 4, 43]
[42, 40, 3, 34, 0, 1, 2, 43]
[42, 5, 43]
[42, 5, 43]
[42, 7, 10, 41, 0, 1, 4, 43]
[42, 5, 43]
[42, 7, 10, 41, 0, 1, 4, 43]
[42, 5, 43]
[42, 7, 10, 41, 0, 1, 4, 43]
[42, 5, 43]
[42, 7, 10, 41, 0, 1, 4, 43]
[42, 5, 43]
[42, 20, 18, 41, 18, 25, 22, 2, 43]
[42, 7, 20, 18, 6, 20, 18, 0, 1, 4, 43]
[42, 24, 0, 41, 18, 41, 22, 1, 4, 43]
[42, 41, 18, 25, 30, 20, 11, 0, 1, 2, 43]
[42, 5, 43]
[42, 12, 41, 18, 2, 43]
[42, 5, 43]
[42, 41, 41, 20, 11, 41, 20, 41, 41, 4, 43]
[42, 41, 41, 41, 41, 41, 41, 41, 25, 41, 2, 43]
[42, 7, 20, 41, 6, 20, 41, 0, 1, 4, 43]
[42, 12, 20, 41, 3, 41, 2, 43]
[42, 5, 43]
[42, 7, 20, 41, 41, 6, 20, 41, 41, 0, 1, 4, 43]
[42, 20, 41, 41, 41, 25, 41, 3, 6, 20, 41, 41, 0, 1, 2, 43]
[42, 41, 3, 41, 0, 20, 41, 3, 41, 1, 2, 43]
[42, 12, 41, 2, 43]
[42, 5, 43]
[42, 5, 43]
[42, 5, 43]
[42, 41, 9, 3, 28, 2, 43]
[42, 13, 9, 3, 41, 3, 27, 2, 43]
[42, 13, 9, 3, 41, 3, 41, 2, 43]
[42, 13, 9, 3, 41, 3, 41, 3, 41, 41, 2, 43]
[42, 13, 9, 3, 41, 3, 8, 2, 43]
[42, 13, 9, 3, 41, 3, 41, 2, 43]
[42, 13, 9, 3, 41, 3, 41, 29, 2, 43]
[42, 13, 9, 3, 41, 3, 41, 23, 2, 43]
[42, 13, 9, 3, 41, 3, 41, 2, 43]
[42, 7, 41, 11, 18, 4, 43]
[42, 15, 16, 6, 15, 16, 0, 8, 14, 1, 2, 43]
[42, 27, 6, 27, 0, 8, 14, 1, 2, 43]
[42, 11, 6, 11, 0, 17, 26, 1, 2, 43]
[42, 41, 41, 11, 41, 6, 41, 0, 1, 2, 43]
[42, 10, 41, 41, 0, 8, 14, 1, 2, 43]
[42, 7, 10, 41, 41, 0, 8, 14, 19, 17, 41, 1, 2, 43]
[42, 10, 41, 41, 0, 17, 41, 1, 2, 43]
[42, 7, 10, 41, 29, 0, 17, 41, 19, 41, 29, 41, 1, 41, 41, 23, 2, 43]
[42, 7, 41, 29, 6, 29, 0, 17, 41, 1, 2, 43]
[42, 7, 41, 41, 17, 41, 6, 29, 41, 0, 1, 2, 43]
[42, 5, 43]
[42, 41, 9, 3, 28, 2, 43]
[42, 7, 41, 15, 16, 4, 43]
[42, 10, 34, 0, 1, 2, 43]
[42, 10, 41, 0, 1, 2, 43]
[42, 10, 41, 0, 1, 2, 43]
[42, 5, 43]
